0 0
0.05 0.005
0.07 0.010
0.1 0.013
0.13 0.016
0.15 0.020
0.17 0.023
0.20 0.026
0.21 0.030
0.22 0.033
0.25 0.036
0.28 0.039
0.31 0.042
0.34 0.045
0.35 0.048
0.38 0.050
0.40 0.052
0.42 0.054
0.44 0.056
0.46 0.058
0.48 0.059
0.50 0.065
0.55  0.0641
0.60 0.0631
0.70 0.0621
0.75 0.0610
0.80 0.0609
0.85 0.0608
0.90 0.0607
0.95 0.0606
1.00 0.0605
1.20 0.0604
1.30 0.0603
1.40 0.0602
1.45 0.0601
1.50 0.0600
1.60 0.0590
1.70 0.0580
1.80 0.0590
1.88 0.0580
1.92 0.0570
1.96 0.0560
1.98 0.0550
2.00 0.0540